---otext.tf---
@config
@convertedToTextFabricBy=Martijn Naaijer and Christian Canu Højgaard
@dataset=sp
@datasetName=The Samaritan Pentateuch
@dateWritten=2025-10-27T13:55:21Z
@encodedBy=Christian Canu Højgaard and Martijn Naaijer
@fmt:text-orig-full={sign}
@licence=Creative Commons Attribution-NonCommercial 4.0 International License
@licenceUrl=http://creativecommons.org/licenses/by-nc/4.0/
@manuscripts=MS Dublin Chester Beatty Library 751 (Gen 1-Deut 32:36) + MS Garizim 1 (Deut 32:36b-34)
@sectionFeatures=book,chapter,verse
@sectionTypes=book,chapter,verse
@source=Stefan Schorch in colloboration with Evelyn Burkhardt, Ulrike Hirschfelder, Irina Wandrey and József Zsengellér
@version=3.4.3
@writtenBy=Text-Fabric
@writtenBy=Text-Fabric
@dateWritten=2025-10-27T17:10:17Z


---otype.tf---
@node
@convertedToTextFabricBy=Martijn Naaijer and Christian Canu Højgaard
@dataset=sp
@datasetName=The Samaritan Pentateuch
@dateWritten=2025-10-27T13:55:19Z
@encodedBy=Christian Canu Højgaard, Saulo de Oliveira Cantanhêde, and Martijn Naaijer
@licence=Creative Commons Attribution-NonCommercial 4.0 International License
@licenceUrl=http://creativecommons.org/licenses/by-nc/4.0/
@manuscripts=MS Dublin Chester Beatty Library 751 (Gen 1-Deut 32:36) + MS Garizim 1 (Deut 32:36b-34)
@source=Stefan Schorch in colloboration with Evelyn Burkhardt, Ulrike Hirschfelder, Irina Wandrey and József Zsengellér
@valueType=str
@version=4.1.3
@writtenBy=Text-Fabric
@writtenBy=Text-Fabric
@dateWritten=2025-10-27T17:10:14Z

1-399392	sign
399393-399397	book
399398-399584	chapter
399585-405425	verse
405426-520314	word
520315-590298	phrase_atom
590299-656705	phrase

---oslots.tf---
@edge
@convertedToTextFabricBy=Martijn Naaijer and Christian Canu Højgaard
@dataset=sp
@datasetName=The Samaritan Pentateuch
@dateWritten=2025-10-27T13:55:20Z
@encodedBy=Christian Canu Højgaard and Martijn Naaijer
@licence=Creative Commons Attribution-NonCommercial 4.0 International License
@licenceUrl=http://creativecommons.org/licenses/by-nc/4.0/
@manuscripts=MS Dublin Chester Beatty Library 751 (Gen 1-Deut 32:36) + MS Garizim 1 (Deut 32:36b-34)
@source=Stefan Schorch in colloboration with Evelyn Burkhardt, Ulrike Hirschfelder, Irina Wandrey and József Zsengellér
@valueType=str
@version=4.1.3
@writtenBy=Text-Fabric
@writtenBy=Text-Fabric
@dateWritten=2025-10-27T17:10:16Z

399393	1-100557
100558-187155
187156-244649
244650-328679
328680-399392
1-2132
2133-3713
3714-5390
5391-6949
6950-8696
8697-10138
10139-11701
11702-13160
13161-14817
14818-16237
16238-18542
18543-19861
19862-20991
20992-22662
22663-23897
23898-24941
24942-26703
26704-28871
28872-31624
31625-33001
33002-35069
35070-36823
36824-38132
38133-42629
42630-44610
44611-46938
46939-49976
49977-51500
51501-53671
53672-56652
56653-60283
60284-62478
62479-63758
63759-65766
65767-67583
67584-69926
69927-72398
72399-74337
74338-76019
76020-77533
77534-81324
81325-83979
83980-86481
86482-88688
88689-90626
90627-92666
92667-95194
95195-96932
96933-98726
98727-100557
100558-101780
101781-103452
103453-105438
105439-107604
107605-109186
109187-111272
111273-113843
113844-116347
116348-119600
119601-122313
122314-123536
123537-127217
127218-128834
128835-131205
131206-132790
132791-135423
135424-136593
136594-139077
139078-140853
140854-143805
143806-145887
145888-147582
147583-149618
149619-150878
150879-153118
153119-156275
156276-157712
157713-160718
160719-163908
163909-165536
165537-166645
166646-169320
169321-170980
170981-173543
173544-175705
175706-178350
178351-180161
180162-182226
182227-185046
185047-187155
187156-188403
188404-189423
189424-190643
190644-193269
193270-195264
195265-196744
196745-199124
199125-201799
201800-203372
203373-204983
204984-207795
207796-208348
208349-212478
212479-216361
216362-218521
218522-221149
221150-222502
222503-224108
224109-226226
226227-228246
228247-229620
229621-231671
231672-234700
234701-236031
236032-239484
239485-242488
242489-244649
244650-247704
247705-249519
249520-252559
252560-255912
255913-258128
258129-259826
259827-265077
265078-266814
266815-268529
268530-270742
270743-273359
273360-274574
274575-276985
276986-280176
280177-282671
282672-285039
285040-286929
286930-289447
289448-291075
291076-293754
293755-296719
296720-299764
299765-301605
301606-303077
303078-304208
304209-307847
307848-309524
309525-311342
311343-313691
313692-314915
314916-318506
318507-321349
321350-323828
323829-325319
325320-327599
327600-328679
328680-331962
331963-334700
334701-336922
336923-340951
340952-343694
343695-345336
345337-347403
347404-348876
348877-351383
351384-353126
353127-355663
355664-358267
358268-359897
359898-361656
361657-363317
363318-364985
364986-366726
366727-368184
368185-369734
369735-371255
371256-372931
372932-375030
375031-376597
376598-378157
378158-379408
379409-381023
381024-382563
382564-387441
387442-389611
389612-391242
391243-393950
393951-396941
396942-398635
398636-399392
1-35
36-101
102-130
131-187
188-249
250-304
305-386
387-435
436-500
501-561
562-651
652-736
737-764
765-874
875-921
922-1021
1022-1062
1063-1125
1126-1153
1154-1224
1225-1338
1339-1404
1405-1432
1433-1502
1503-1589
1590-1693
1694-1756
1757-1868
1869-1977
1978-2067
2068-2132
2133-2159
2160-2232
2233-2309
2310-2369
2370-2472
2473-2511
2512-2587
2588-2640
2641-2733
2734-2789
2790-2842
2843-2884
2885-2928
2929-2989
2990-3042
3043-3091
3092-3149
3150-3206
3207-3334
3335-3409
3410-3478
3479-3538
3539-3611
3612-3674
3675-3713
3714-3810
3811-3846
3847-3919
3920-3952
3953-4025
4026-4131
4132-4201
4202-4291
4292-4330
4331-4379
4380-4447
4448-4501
4502-4563
4564-4667
4668-4743
4744-4832
4833-4947
4948-4985
4986-5059
5060-5103
5104-5149
5150-5251
5252-5304
5305-5390
5391-5453
5454-5513
5514-5558
5559-5624
5625-5674
5675-5718
5719-5787
5788-5865
5866-5925
5926-5968
5969-6028
6029-6081
6082-6114
6115-6197
6198-6279
6280-6321
6322-6399
6400-6478
6479-6525
6526-6567
6568-6609
6610-6680
6681-6768
6769-6803
6804-6891
6892-6949
6950-7005
7006-7058
7059-7118
7119-7182
7183-7235
7236-7276
7277-7346
7347-7395
7396-7430
7431-7506
7507-7552
7553-7589
7590-7665
7666-7711
7712-7756
7757-7830
7831-7885
7886-7924
7925-8000
8001-8053
8054-8094
8095-8169
8170-8215
8216-8261
8262-8301
8302-8378
8379-8427
8428-8461
8462-8537
8538-8594
8595-8644
8645-8696
8697-8745
8746-8816
8817-8889
8890-9003
9004-9067
9068-9112
9113-9212
9213-9234
9235-9295
9296-9336
9337-9374
9375-9436
9437-9516
9517-9579
9580-9651
9652-9730
9731-9824
9825-9887
9888-9950
9951-10042
10043-10101
10102-10138
10139-10212
10213-10301
10302-10368
10369-10472
10473-10498
10499-10540
10541-10596
10597-10667
10668-10725
10726-10764
10765-10872
10873-10914
10915-10987
10988-11081
11082-11135
11136-11209
11210-11278
11279-11330
11331-11396
11397-11438
11439-11514
11515-11559
11560-11666
11667-11701
11702-11792
11793-11843
11844-11904
11905-11957
11958-12025
12026-12075
12076-12124
12125-12174
12175-12283
12284-12334
12335-12409
12410-12472
12473-12578
12579-12621
12622-12644
12645-12685
12686-12784
12785-12818
12819-12882
12883-12954
12955-13098
13099-13160
13161-13220
13221-13316
13317-13374
13375-13400
13401-13480
13481-13532
13533-13565
13566-13601
13602-13647
13648-13730
13731-13812
13813-13899
13900-13948
13949-13988
13989-14092
14093-14179
14180-14250
14251-14307
14308-14341
14342-14368
14369-14403
14404-14453
14454-14560
14561-14602
14603-14639
14640-14681
14682-14729
14730-14772
14773-14817
14818-14874
14875-14917
14918-14944
14945-14977
14978-15032
15033-15061
15062-15118
15119-15162
15163-15226
15227-15274
15275-15332
15333-15374
15375-15425
15426-15478
15479-15511
15512-15543
15544-15573
15574-15627
15628-15692
15693-15735
15736-15780
15781-15815
15816-15843
15844-15878
15879-15944
15945-15991
15992-16019
16020-16047
16048-16090
16091-16124
16125-16167
16168-16237
16238-16271
16272-16318
16319-16407
16408-16485
16486-16536
16537-16622
16623-16674
16675-16738
16739-16817
16818-16878
16879-16972
16973-17017
17018-17145
17146-17187
17188-17308
17309-17352
17353-17466
17467-17508
17509-17616
17617-17661
17662-17770
17771-17814
17815-17914
17915-17953
17954-18068
18069-18119
18120-18186
18187-18234
18235-18319
18320-18344
18345-18488
18489-18542
18543-18610
18611-18654
18655-18705
18706-18787
18788-18906
18907-18963
18964-19043
19044-19135
19136-19161
19162-19217
19218-19296
19297-19357
19358-19414
19415-19472
19473-19530
19531-19614
19615-19674
19675-19739
19740-19797
19798-19861
19862-19914
19915-19945
19946-20024
20025-20081
20082-20123
20124-20186
20187-20260
20261-20345
20346-20414
20415-20525
20526-20588
20589-20639
20640-20671
20672-20768
20769-20818
20819-20889
20890-20929
20930-20991
20992-21065
21066-21159
21160-21196
21197-21247
21248-21358
21359-21403
21404-21486
21487-21576
21577-21664
21665-21743
21744-21788
21789-21845
21846-21939
21940-22020
22021-22084
22085-22150
22151-22242
22243-22294
22295-22348
22349-22398
22399-22445
22446-22513
22514-22581
22582-22662
22663-22750
22751-22825
22826-22876
22877-22942
22943-23029
23030-23056
23057-23125
23126-23160
23161-23218
23219-23298
23299-23332
23333-23397
23398-23475
23476-23530
23531-23571
23572-23619
23620-23690
23691-23784
23785-23815
23816-23845
23846-23897
23898-23946
23947-24037
24038-24136
24137-24184
24185-24280
24281-24356
24357-24408
24409-24481
24482-24530
24531-24581
24582-24657
24658-24714
24715-24780
24781-24829
24830-24888
24889-24941
24942-25031
25032-25073
25074-25112
25113-25151
25152-25210
25211-25260
25261-25349
25350-25428
25429-25491
25492-25555
25556-25604
25605-25689
25690-25751
25752-25833
25834-25893
25894-25965
25966-26046
26047-26090
26091-26192
26193-26294
26295-26353
26354-26388
26389-26522
26523-26567
26568-26614
26615-26650
26651-26703
26704-26757
26758-26841
26842-26897
26898-26941
26942-27025
27026-27092
27093-27156
27157-27233
27234-27273
27274-27349
27350-27403
27404-27457
27458-27522
27523-27571
27572-27620
27621-27677
27678-27719
27720-27773
27774-27897
27898-27949
27950-28001
28002-28057
28058-28095
28096-28177
28178-28270
28271-28340
28341-28399
28400-28492
28493-28573
28574-28655
28656-28737
28738-28821
28822-28871
28872-28956
28957-29059
29060-29128
29129-29195
29196-29274
29275-29311
29312-29333
29334-29460
29461-29561
29562-29623
29624-29689
29690-29775
29776-29852
29853-29960
29961-30054
30055-30150
30151-30241
30242-30268
30269-30379
30380-30458
30459-30524
30525-30592
30593-30622
30623-30678
30679-30739
30740-30769
30770-30818
30819-30900
30901-31006
31007-31091
31092-31162
31163-31212
31213-31291
31292-31397
31398-31475
31476-31502
31503-31556
31557-31624
31625-31680
31681-31747
31748-31833
31834-31882
31883-31960
31961-32071
32072-32165
32166-32252
32253-32368
32369-32418
32419-32496
32497-32549
32550-32669
32670-32745
32746-32788
32789-32873
32874-32940
32941-33001
33002-33051
33052-33106
33107-33158
33159-33213
33214-33252
33253-33295
33296-33353
33354-33413
33414-33460
33461-33537
33538-33575
33576-33679
33680-33728
33729-33826
33827-33874
33875-33962
33963-34083
34084-34136
34137-34206
34207-34255
34256-34298
34299-34380
34381-34479
34480-34501
34502-34562
34563-34650
34651-34701
34702-34732
34733-34792
34793-34871
34872-34918
34919-34986
34987-35036
35037-35069
35070-35139
35140-35245
35246-35364
35365-35415
35416-35498
35499-35583
35584-35668
35669-35723
35724-35841
35842-35887
35888-35946
35947-36050
36051-36148
36149-36215
36216-36254
36255-36337
36338-36428
36429-36473
36474-36541
36542-36616
36617-36660
36661-36705
36706-36761
36762-36823
36824-36878
36879-36955
36956-37000
37001-37061
37062-37091
37092-37188
37189-37224
37225-37306
37307-37385
37386-37468
37469-37550
37551-37577
37578-37670
37671-37698
37699-37762
37763-37858
37859-37955
37956-37998
37999-38080
38081-38132
38133-38175
38176-38240
38241-38328
38329-38378
38379-38473
38474-38517
38518-38658
38659-38726
38727-38784
38785-38876
38877-38934
38935-39002
39003-39057
39058-39177
39178-39277
39278-39342
39343-39388
39389-39433
39434-39483
39484-39546
39547-39594
39595-39696
39697-39752
39753-39800
39801-39848
39849-39872
39873-39974
39975-40011
40012-40061
40062-40193
40194-40256
40257-40344
40345-40402
40403-40423
40424-40504
40505-40563
40564-40629
40630-40676
40677-40711
40712-40804
40805-40869
40870-40952
40953-41034
41035-41104
41105-41206
41207-41276
41277-41376
41377-41469
41470-41556
41557-41619
41620-41674
41675-41727
41728-41797
41798-41867
41868-41920
41921-41986
41987-42017
42018-42068
42069-42124
42125-42200
42201-42276
42277-42322
42323-42385
42386-42431
42432-42512
42513-42550
42551-42629
42630-42660
42661-42720
42721-42779
42780-42835
42836-42869
42870-42958
42959-43017
43018-43072
43073-43157
43158-43211
43212-43280
43281-43343
43344-43414
43415-43431
43432-43457
43458-43524
43525-43597
43598-43665
43666-43710
43711-43795
43796-43865
43866-43927
43928-44008
44009-44042
44043-44091
44092-44171
44172-44237
44238-44287
44288-44328
44329-44405
44406-44438
44439-44483
44484-44538
44539-44610
44611-44697
44698-44754
44755-44859
44860-44944
44945-45006
45007-45021
45022-45131
45132-45225
45226-45324
45325-45394
45395-45451
45452-45511
45512-45550
45551-45605
45606-45676
45677-45723
45724-45759
45760-45882
45883-45927
45928-46000
46001-46046
46047-46141
46142-46158
46159-46272
46273-46335
46336-46383
46384-46444
46445-46530
46531-46615
46616-46642
46643-46700
46701-46782
46783-46831
46832-46909
46910-46938
46939-47028
47029-47065
47066-47114
47115-47181
47182-47242
47243-47310
47311-47369
47370-47407
47408-47484
47485-47527
47528-47585
47586-47645
47646-47695
47696-47745
47746-47821
47822-47871
47872-47918
47919-47963
47964-48057
48058-48125
48126-48184
48185-48249
48250-48300
48301-48332
48333-48408
48409-48448
48449-48534
48535-48584
48585-48671
48672-48761
48762-48845
48846-48896
48897-48994
48995-49078
49079-49112
49113-49207
49208-49311
49312-49386
49387-49452
49453-49516
49517-49609
49610-49708
49709-49755
49756-49797
49798-49881
49882-49976
49977-50043
50044-50110
50111-50155
50156-50234
50235-50311
50312-50422
50423-50463
50464-50506
50507-50574
50575-50603
50604-50681
50682-50754
50755-50853
50854-50935
50936-51035
51036-51094
51095-51161
51162-51236
51237-51294
51295-51387
51388-51430
51431-51500
51501-51533
51534-51634
51635-51726
51727-51772
51773-51817
51818-51873
51874-51936
51937-52012
52013-52065
52066-52185
52186-52218
52219-52281
52282-52391
52392-52440
52441-52499
52500-52541
52542-52584
52585-52638
52639-52689
52690-52750
52751-52803
52804-52840
52841-52895
52896-52933
52934-53016
53017-53069
53070-53138
53139-53192
53193-53233
53234-53298
53299-53345
53346-53426
53427-53511
53512-53598
53599-53671
53672-53757
53758-53819
53820-53879
53880-53921
53922-53945
53946-54009
54010-54050
54051-54117
54118-54178
54179-54206
54207-54236
54237-54268
54269-54316
54317-54417
54418-54511
54512-54616
54617-54660
54661-54725
54726-54756
54757-54847
54848-54878
54879-54928
54929-54966
54967-55008
55009-55083
55084-55159
55160-55221
55222-55247
55248-55303
55304-55385
55386-55472
55473-55563
55564-55664
55665-55693
55694-55807
55808-56130
56131-56213
56214-56305
56306-56360
56361-56457
56458-56535
56536-56589
56590-56652
56653-56738
56739-56785
56786-56842
56843-56883
56884-56958
56959-56996
56997-57061
57062-57160
57161-57192
57193-57281
57282-57324
57325-57427
57428-57524
57525-57579
57580-57633
57634-57712
57713-57754
57755-57849
57850-57901
57902-57955
57956-58017
58018-58051
58052-58114
58115-58194
58195-58260
58261-58324
58325-58389
58390-58433
58434-58517
58518-58572
58573-58633
58634-58720
58721-58808
58809-58884
58885-58978
58979-59051
59052-59130
59131-59191
59192-59248
59249-59296
59297-59391
59392-59494
59495-59619
59620-59668
59669-59693
59694-59759
59760-59802
59803-59859
59860-59912
59913-59988
59989-60047
60048-60151
60152-60221
60222-60283
60284-60349
60350-60387
60388-60447
60448-60501
60502-60577
60578-60645
60646-60726
60727-60806
60807-60867
60868-60954
60955-61048
61049-61116
61117-61179
61180-61230
61231-61279
61280-61352
61353-61433
61434-61514
61515-61577
61578-61675
61676-61776
61777-61821
61822-61907
61908-61947
61948-61990
61991-62050
62051-62102
62103-62131
62132-62203
62204-62269
62270-62334
62335-62384
62385-62478
62479-62575
62576-62655
62656-62710
62711-62761
62762-62848
62849-62884
62885-62938
62939-62998
62999-63036
63037-63135
63136-63204
63205-63233
63234-63318
63319-63418
63419-63488
63489-63519
63520-63588
63589-63656
63657-63722
63723-63758
63759-63808
63809-63869
63870-63927
63928-63975
63976-64046
64047-64081
64082-64184
64185-64247
64248-64296
64297-64343
64344-64405
64406-64470
64471-64542
64543-64628
64629-64676
64677-64742
64743-64789
64790-64829
64830-64892
64893-64948
64949-65065
65066-65145
65146-65204
65205-65278
65279-65388
65389-65451
65452-65501
65502-65560
65561-65615
65616-65736
65737-65766
65767-65856
65857-65943
65944-66025
66026-66123
66124-66189
66190-66249
66250-66323
66324-66394
66395-66447
66448-66532
66533-66609
66610-66675
66676-66710
66711-66780
66781-66831
66832-66895
66896-66955
66956-67018
67019-67056
67057-67106
67107-67142
67143-67240
67241-67297
67298-67319
67320-67348
67349-67409
67410-67480
67481-67514
67515-67583
67584-67607
67608-67688
67689-67718
67719-67761
67762-67834
67835-67972
67973-68039
68040-68070
68071-68103
68104-68164
68165-68206
68207-68277
68278-68335
68336-68415
68416-68489
68490-68547
68548-68652
68653-68739
68740-68777
68778-68829
68830-68881
68882-68922
68923-68963
68964-69047
69048-69082
69083-69118
69119-69147
69148-69170
69171-69225
69226-69289
69290-69344
69345-69383
69384-69422
69423-69460
69461-69531
69532-69564
69565-69603
69604-69642
69643-69718
69719-69792
69793-69824
69825-69853
69854-69926
69927-69961
69962-70092
70093-70158
70159-70227
70228-70274
70275-70314
70315-70408
70409-70495
70496-70598
70599-70702
70703-70735
70736-70770
70771-70840
70841-70927
70928-70980
70981-71027
71028-71109
71110-71159
71160-71200
71201-71280
71281-71321
71322-71434
71435-71509
71510-71552
71553-71664
71665-71722
71723-71792
71793-71905
71906-71958
71959-72004
72005-72062
72063-72145
72146-72198
72199-72255
72256-72341
72342-72398
72399-72459
72460-72511
72512-72540
72541-72575
72576-72630
72631-72664
72665-72709
72710-72766
72767-72848
72849-72887
72888-72995
72996-73087
73088-73136
73137-73252
73253-73290
73291-73380
73381-73440
73441-73527
73528-73573
73574-73644
73645-73723
73724-73790
73791-73858
73859-73950
73951-74049
74050-74121
74122-74152
74153-74219
74220-74289
74290-74337
74338-74428
74429-74482
74483-74537
74538-74612
74613-74728
74729-74822
74823-74890
74891-74969
74970-75078
75079-75139
75140-75215
75216-75277
75278-75323
75324-75418
75419-75481
75482-75517
75518-75584
75585-75634
75635-75715
75716-75798
75799-75856
75857-75941
75942-76019
76020-76085
76086-76136
76137-76199
76200-76254
76255-76355
76356-76396
76397-76466
76467-76549
76550-76608
76609-76668
76669-76744
76745-76793
76794-76888
76889-76972
76973-77037
77038-77115
77116-77181
77182-77230
77231-77308
77309-77413
77414-77464
77465-77499
77500-77533
77534-77580
77581-77641
77642-77731
77732-77809
77810-77868
77869-77913
77914-77983
77984-78090
78091-78142
78143-78206
78207-78258
78259-78335
78336-78385
78386-78458
78459-78542
78543-78598
78599-78645
78646-78705
78706-78797
78798-78855
78856-78922
78923-78976
78977-79028
79029-79099
79100-79165
79166-79240
79241-79338
79339-79396
79397-79437
79438-79504
79505-79562
79563-79636
79637-79689
79690-79752
79753-79836
79837-79912
79913-79950
79951-80001
80002-80071
80072-80124
80125-80172
80173-80260
80261-80332
80333-80410
80411-80503
80504-80589
80590-80620
80621-80721
80722-80780
80781-80854
80855-80916
80917-80963
80964-81002
81003-81085
81086-81180
81181-81268
81269-81324
81325-81381
81382-81450
81451-81485
81486-81547
81548-81601
81602-81685
81686-81785
81786-81816
81817-81896
81897-81936
81937-81990
81991-82029
82030-82120
82121-82173
82174-82230
82231-82371
82372-82399
82400-82459
82460-82534
82535-82594
82595-82711
82712-82795
82796-82834
82835-82911
82912-82998
82999-83032
83033-83103
83104-83201
83202-83261
83262-83316
83317-83354
83355-83426
83427-83520
83521-83612
83613-83697
83698-83783
83784-83874
83875-83979
83980-83994
83995-84079
84080-84151
84152-84196
84197-84263
84264-84311
84312-84436
84437-84527
84528-84602
84603-84640
84641-84764
84765-84839
84840-84873
84874-84961
84962-85055
85056-85160
85161-85214
85215-85356
85357-85407
85408-85447
85448-85540
85541-85601
85602-85703
85704-85774
85775-85832
85833-85898
85899-85956
85957-86032
86033-86126
86127-86191
86192-86229
86230-86336
86337-86403
86404-86481
86482-86570
86571-86645
86646-86678
86679-86789
86790-86847
86848-86880
86881-86941
86942-87026
87027-87079
87080-87149
87150-87198
87199-87250
87251-87296
87297-87354
87355-87429
87430-87548
87549-87638
87639-87728
87729-87768
87769-87851
87852-87895
87896-87952
87953-88014
88015-88064
88065-88099
88100-88199
88200-88251
88252-88300
88301-88363
88364-88419
88420-88496
88497-88569
88570-88624
88625-88688
88689-88787
88788-88834
88835-88913
88914-88991
88992-89066
89067-89125
89126-89188
89189-89276
89277-89364
89365-89436
89437-89500
89501-89553
89554-89627
89628-89678
89679-89727
89728-89795
89796-89869
89870-89946
89947-90026
90027-90079
90080-90147
90148-90218
90219-90308
90309-90355
90356-90398
90399-90474
90475-90573
90574-90626
90627-90689
90690-90748
90749-90815
90816-90878
90879-90974
90975-91050
91051-91111
91112-91171
91172-91205
91206-91261
91262-91286
91287-91370
91371-91404
91405-91432
91433-91511
91512-91561
91562-91628
91629-91692
91693-91722
91723-91797
91798-91862
91863-91906
91907-91919
91920-91952
91953-92015
92016-92085
92086-92159
92160-92218
92219-92305
92306-92363
92364-92458
92459-92521
92522-92558
92559-92666
92667-92759
92760-92805
92806-9288
---book.tf---
@node
@convertedToTextFabricBy=Martijn Naaijer and Christian Canu Højgaard
@dataset=sp
@datasetName=The Samaritan Pentateuch
@dateWritten=2025-10-27T13:55:17Z
@description=book title
@encodedBy=Christian Canu Højgaard and Martijn Naaijer
@licence=Creative Commons Attribution-NonCommercial 4.0 International License
@licenceUrl=http://creativecommons.org/licenses/by-nc/4.0/
@manuscripts=MS Dublin Chester Beatty Library 751 (Gen 1-Deut 32:36) + MS Garizim 1 (Deut 32:36b-34)
@source=Stefan Schorch in colloboration with Evelyn Burkhardt, Ulrike Hirschfelder, Irina Wandrey and József Zsengellér
@valueType=str
@version=4.1.3
@writtenBy=Text-Fabric
@writtenBy=Text-Fabric
@dateWritten=2025-10-27T17:10:12Z

399393	Genesis
Exodus
Leviticus
Numbers
Deuteronomy

---chapter.tf---
@node
@convertedToTextFabricBy=Martijn Naaijer and Christian Canu Højgaard
@dataset=sp
@datasetName=The Samaritan Pentateuch
@dateWritten=2025-10-27T13:55:17Z
@description=chapter number
@encodedBy=Christian Canu Højgaard and Martijn Naaijer
@licence=Creative Commons Attribution-NonCommercial 4.0 International License
@licenceUrl=http://creativecommons.org/licenses/by-nc/4.0/
@manuscripts=MS Dublin Chester Beatty Library 751 (Gen 1-Deut 32:36) + MS Garizim 1 (Deut 32:36b-34)
@source=Stefan Schorch in colloboration with Evelyn Burkhardt, Ulrike Hirschfelder, Irina Wandrey and József Zsengellér
@valueType=int
@version=4.1.3
@writtenBy=Text-Fabric
@writtenBy=Text-Fabric
@dateWritten=2025-10-27T17:10:12Z

399398	1
2
3
4
5
6
7
8
9
10
11
12
13
14
15
16
17
18
19
20
21
22
23
24
25
26
27
28
29
30
31
32
33
34
35
36
37
38
39
40
41
42
43
44
45
46
47
48
49
50
1
2
3
4
5
6
7
8
9
10
11
12
13
14
15
16
17
18
19
20
21
22
23
24
25
26
27
28
29
30
31
32
33
34
35
36
37
38
39
40
1
2
3
4
5
6
7
8
9
10
11
12
13
14
15
16
17
18
19
20
21
22
23
24
25
26
27
1
2
3
4
5
6
7
8
9
10
11
12
13
14
15
16
17
18
19
20
21
22
23
24
25
26
27
28
29
30
31
32
33
34
35
36
1
2
3
4
5
6
7
8
9
10
11
12
13
14
15
16
17
18
19
20
21
22
23
24
25
26
27
28
29
30
31
32
33
34

---verse.tf---
@node
@convertedToTextFabricBy=Martijn Naaijer and Christian Canu Højgaard
@dataset=sp
@datasetName=The Samaritan Pentateuch
@dateWritten=2025-10-27T13:55:20Z
@description=verse number
@encodedBy=Christian Canu Højgaard and Martijn Naaijer
@licence=Creative Commons Attribution-NonCommercial 4.0 International License
@licenceUrl=http://creativecommons.org/licenses/by-nc/4.0/
@manuscripts=MS Dublin Chester Beatty Library 751 (Gen 1-Deut 32:36) + MS Garizim 1 (Deut 32:36b-34)
@source=Stefan Schorch in colloboration with Evelyn Burkhardt, Ulrike Hirschfelder, Irina Wandrey and József Zsengellér
@valueType=int
@version=4.1.3
@writtenBy=Text-Fabric
@writtenBy=Text-Fabric
@dateWritten=2025-10-27T17:10:16Z

399585	1
2
3
4
5
6
7
8
9
10
11
12
13
14
15
16
17
18
19
20
21
22
23
24
25
26
27
28
29
30
31
1
2
3
4
5
6
7
8
9
10
11
12
13
14
15
16
17
18
19
20
21
22
23
24
25
1
2
3
4
5
6
7
8
9
10
11
12
13
14
15
16
17
18
19
20
21
22
23
24
1
2
3
4
5
6
7
8
9
10
11
12
13
14
15
16
17
18
19
20
21
22
23
24
25
26
1
2
3
4
5
6
7
8
9
10
11
12
13
14
15
16
17
18
19
20
21
22
23
24
25
26
27
28
29
30
31
32
1
2
3
4
5
6
7
8
9
10
11
12
13
14
15
16
17
18
19
20
21
22
1
2
3
4
5
6
7
8
9
10
11
12
13
14
15
16
17
18
19
20
21
22
23
24
1
2
3
4
5
6
7
8
9
10
11
12
13
14
15
16
17
18
19
20
21
22
1
2
3
4
5
6
7
8
9
10
11
12
13
14
15
16
17
18
19
20
21
22
23
24
25
26
27
28
29
1
2
3
4
5
6
7
8
9
10
11
12
13
14
15
16
17
18
19
20
21
22
23
24
25
26
27
28
29
30
31
32
1
2
3
4
5
6
7
8
9
10
11
12
13
14
15
16
17
18
19
20
21
22
23
24
25
26
27
28
29
30
31
32
1
2
3
4
5
6
7
8
9
10
11
12
13
14
15
16
17
18
19
20
1
2
3
4
5
6
7
8
9
10
11
12
13
14
15
16
17
18
1
2
3
4
5
6
7
8
9
10
11
12
13
14
15
16
17
18
19
20
21
22
23
24
1
2
3
4
5
6
7
8
9
10
11
12
13
14
15
16
17
18
19
20
21
1
2
3
4
5
6
7
8
9
10
11
12
13
14
15
16
1
2
3
4
5
6
7
8
9
10
11
12
13
14
15
16
17
18
19
20
21
22
23
24
25
26
27
1
2
3
4
5
6
7
8
9
10
11
12
13
14
15
16
17
18
19
20
21
22
23
24
25
26
27
28
29
30
31
32
33
1
2
3
4
5
6
7
8
9
10
11
12
13
14
15
16
17
18
19
20
21
22
23
24
25
26
27
28
29
30
31
32
33
34
35
36
37
38
1
2
3
4
5
6
7
8
9
10
11
12
13
14
15
16
17
18
1
2
3
4
5
6
7
8
9
10
11
12
13
14
15
16
17
18
19
20
21
22
23
24
25
26
27
28
29
30
31
32
33
34
1
2
3
4
5
6
7
8
9
10
11
12
13
14
15
16
17
18
19
20
21
22
23
24
1
2
3
4
5
6
7
8
9
10
11
12
13
14
15
16
17
18
19
20
1
2
3
4
5
6
7
8
9
10
11
12
13
14
15
16
17
18
19
20
21
22
23
24
25
26
27
28
29
30
31
32
33
34
35
36
37
38
39
40
41
42
43
44
45
46
47
48
49
50
51
52
53
54
55
56
57
58
59
60
61
62
63
64
65
66
67
1
2
3
4
5
6
7
8
9
10
11
12
13
14
15
16
17
18
19
20
21
22
23
24
25
26
27
28
29
30
31
32
33
34
1
2
3
4
5
6
7
8
9
10
11
12
13
14
15
16
17
18
19
20
21
22
23
24
25
26
27
28
29
30
31
32
33
34
35
1
2
3
4
5
6
7
8
9
10
11
12
13
14
15
16
17
18
19
20
21
22
23
24
25
26
27
28
29
30
31
32
33
34
35
36
37
38
39
40
41
42
43
44
45
46
1
2
3
4
5
6
7
8
9
10
11
12
13
14
15
16
17
18
19
20
21
22
1
2
3
4
5
6
7
8
9
10
11
12
13
14
15
16
17
18
19
20
21
22
23
24
25
26
27
28
29
30
31
32
33
34
35
1
2
3
4
5
6
7
8
9
10
11
12
13
14
15
16
17
18
19
20
21
22
23
24
25
26
27
28
29
30
31
32
33
34
35
36
37
38
39
40
41
42
43
1
2
3
4
5
6
7
8
9
10
11
12
13
14
15
16
17
18
19
20
21
22
23
24
25
26
27
28
29
30
31
32
33
34
35
36
37
38
39
40
41
42
43
44
45
46
47
48
49
50
51
52
53
54
1
2
3
4
5
6
7
8
9
10
11
12
13
14
15
16
17
18
19
20
21
22
23
24
25
26
27
28
29
30
31
32
33
1
2
3
4
5
6
7
8
9
10
11
12
13
14
15
16
17
18
19
20
1
2
3
4
5
6
7
8
9
10
11
12
13
14
15
16
17
18
19
20
21
22
23
24
25
26
27
28
29
30
31
1
2
3
4
5
6
7
8
9
10
11
12
13
14
15
16
17
18
19
20
21
22
23
24
25
26
27
28
29
1
2
3
4
5
6
7
8
9
10
11
12
13
14
15
16
17
18
19
20
21
22
23
24
25
26
27
28
29
30
31
32
33
34
35
36
37
38
39
40
41
42
43
1
2
3
4
5
6
7
8
9
10
11
12
13
14
15
16
17
18
19
20
21
22
23
24
25
26
27
28
29
30
31
32
33
34
35
36
1
2
3
4
5
6
7
8
9
10
11
12
13
14
15
16
17
18
19
20
21
22
23
24
25
26
27
28
29
30
1
2
3
4
5
6
7
8
9
10
11
12
13
14
15
16
17
18
19
20
21
22
23
1
2
3
4
5
6
7
8
9
10
11
12
13
14
15
16
17
18
19
20
21
22
23
1
2
3
4
5
6
7
8
9
10
11
12
13
14
15
16
17
18
19
20
21
22
23
24
25
26
27
28
29
30
31
32
33
34
35
36
37
38
39
40
41
42
43
44
45
46
47
48
49
50
51
52
53
54
55
56
57
1
2
3
4
5
6
7
8
9
10
11
12
13
14
15
16
17
18
19
20
21
22
23
24
25
26
27
28
29
30
31
32
33
34
35
36
37
38
1
2
3
4
5
6
7
8
9
10
11
12
13
14
15
16
17
18
19
20
21
22
23
24
25
26
27
28
29
30
31
32
33
34
1
2
3
4
5
6
7
8
9
10
11
12
13
14
15
16
17
18
19
20
21
22
23
24
25
26
27
28
29
30
31
32
33
34
1
2
3
4
5
6
7
8
9
10
11
12
13
14
15
16
17
18
19
20
21
22
23
24
25
26
27
28
1
2
3
4
5
6
7
8
9
10
11
12
13
14
15
16
17
18
19
20
21
22
23
24
25
26
27
28
29
30
31
32
33
34
1
2
3
4
5
6
7
8
9
10
11
12
13
14
15
16
17
18
19
20
21
22
23
24
25
26
27
28
29
30
31
1
2
3
4
5
6
7
8
9
10
11
12
13
14
15
16
17
18
19
20
21
22
1
2
3
4
5
6
7
8
9
10
11
12
13
14
15
16
17
18
19
20
21
22
23
24
25
26
27
28
29
30
31
32
33
1
2
3
4
5
6
7
8
9
10
11
12
13
14
15
16
17
18
19
20
21
22
23
24
25
26
1
2
3
4
5
6
7
8
9
10
11
12
13
14
15
16
17
18
19
20
21
22
1
2
3
4
5
6
7
8
9
10
11
12
13
14
15
16
17
18
19
20
21
22
23
24
25
1
2
3
4
5
6
7
8
9
10
11
12
13
14
15
16
17
18
19
20
21
22
1
2
3
4
5
6
7
8
9
10
11
12
13
14
15
16
17
18
19
20
21
22
23
24
25
26
27
28
29
30
31
1
2
3
4
5
6
7
8
9
10
11
12
13
14
15
16
17
18
19
20
21
22
23
1
2
3
4
5
6
7
8
9
10
11
12
13
14
15
16
17
18
19
20
21
22
23
24
25
26
27
28
29
30
1
2
3
4
5
6
7
8
9
10
11
12
13
14
15
16
17
18
19
20
21
22
23
24
25
26
27
28
29
1
2
3
4
5
6
7
8
9
10
11
12
13
14
15
16
17
18
19
20
21
22
23
24
25
26
27
28
1
2
3
4
5
6
7
8
9
10
11
12
13
14
15
16
17
18
19
20
21
22
23
24
25
26
27
28
29
30
31
32
33
34
35
1
2
3
4
5
6
7
8
9
10
11
12
13
14
15
16
17
18
19
20
21
22
23
24
25
26
27
28
29
1
2
3
4
5
6
7
8
9
10
1
2
3
4
5
6
7
8
9
10
11
12
13
14
15
16
17
18
19
20
21
22
23
24
25
26
27
28
29
30
31
32
33
34
35
36
37
38
39
40
41
42
43
44
45
46
47
48
49
50
51
1
2
3
4
5
6
7
8
9
10
11
12
13
14
15
16
17
18
19
20
21
22
1
2
3
4
5
6
7
8
9
10
11
12
13
14
15
16
17
18
19
20
21
22
23
24
25
26
27
28
29
30
31
1
2
3
4
5
6
7
8
9
10
11
12
13
14
15
16
17
18
19
20
21
22
23
24
25
26
27
1
2
3
4
5
6
7
8
9
10
11
12
13
14
15
16
17
18
19
20
21
22
23
24
25
26
27
28
29
30
31
32
33
34
35
36
1
2
3
4
5
6
7
8
9
10
11
12
13
14
15
16
1
2
3
4
5
6
7
8
9
10
11
12
13
14
15
16
17
18
19
20
21
22
23
24
25
26
27
1
2
3
4
5
6
7
8
9
10
11
12
13
14
15
16
17
18
19
20
21
22
23
24
25
1
2
3
4
5
6
7
8
9
10
11
12
13
14
15
16
17
18
19
20
21
22
23
24
25
26
1
2
3
4
5
6
7
8
9
10
11
12
13
14
15
16
17
18
19
20
21
22
23
24
25
26
27
28
29
30
31
32
33
34
35
36
37
1
2
3
4
5
6
7
8
9
10
11
12
13
14
15
16
17
18
19
20
21
22
23
24
25
26
27
28
29
30
1
2
3
4
5
6
7
8
9
10
11
12
13
14
15
16
17
18
19
20
21
22
23
24
25
26
27
28
29
30
31
32
33
1
2
3
4
5
6
7
8
9
10
11
12
13
14
15
16
17
18
1
2
3
4
5
6
7
8
9
10
11
12
13
14
15
16
17
18
19
20
21
22
23
24
25
26
27
28
29
30
31
32
33
34
35
36
37
38
39
40
1
2
3
4
5
6
7
8
9
10
11
12
13
14
15
16
17
18
19
20
21
22
23
24
25
26
27
28
29
30
31
32
33
34
35
36
37
1
2
3
4
5
6
7
8
9
10
11
12
13
14
15
16
17
18
19
20
21
1
2
3
4
5
6
7
8
9
10
11
12
13
14
15
16
17
18
19
20
21
22
23
24
25
26
27
28
29
30
31
32
33
34
35
36
37
38
39
40
41
42
43
1
2
3
4
5
6
7
8
9
10
11
12
13
14
15
16
17
18
19
20
22
23
24
25
26
27
28
21
29
30
31
32
33
34
35
36
37
38
39
40
41
42
43
44
45
46
11
12
13
14
15
16
17
18
19
20
21
22
23
24
25
26
27
28
29
30
31
32
33
34
35
36
37
38
1
2
3
4
5
6
7
8
9
10
11
12
13
14
15
16
17
18
1
2
3
4
5
6
7
8
9
10
11
12
13
14
15
16
17
18
19
20
21
22
23
24
25
26
27
28
29
30
31
32
33
34
35
1
2
3
4
5
6
7
8
9
10
11
12
13
14
15
16
17
18
19
20
21
22
23
1
2
3
4
5
6
7
8
9
10
11
12
13
14
15
16
17
18
19
20
21
22
23
24
25
26
27
28
29
30
31
32
33
34
35
1
2
3
4
5
6
7
8
9
10
11
12
13
14
15
16
17
18
19
20
21
22
23
24
25
26
27
28
29
30
31
32
33
34
35
1
2
3
4
5
6
7
8
9
10
11
12
13
14
15
16
17
18
19
20
21
22
23
24
25
26
27
28
29
30
31
32
33
34
35
36
37
38
1
2
3
4
5
6
7
8
9
10
11
12
13
14
15
16
17
18
19
20
21
22
23
24
25
26
27
28
29
1
2
3
4
5
6
7
8
9
10
11
12
13
14
15
16
17
18
19
20
21
22
23
24
25
26
27
28
29
30
31
1
2
3
4
5
6
7
8
9
10
11
12
13
14
15
16
17
18
19
20
21
22
23
24
25
26
27
28
29
30
31
32
33
34
35
36
37
38
39
40
41
42
43
1
2
3
4
5
6
7
8
9
10
11
12
13
14
15
16
17
18
19
20
21
22
23
24
25
26
27
28
29
30
31
32
33
34
35
36
37
38
1
2
3
4
5
6
7
8
9
10
11
12
13
14
15
16
17
1
2
3
4
5
6
7
8
9
10
11
12
13
14
15
16
1
2
3
4
5
6
7
8
9
10
11
12
13
14
15
16
17
1
2
3
4
5
6
7
8
9
10
11
12
13
14
15
16
17
18
19
20
21
22
23
24
25
26
27
28
29
30
31
32
33
34
35
1
2
3
4
5
6
7
8
9
10
11
12
13
14
15
16
17
18
19
20
21
22
23
24
25
26
1
2
3
4
5
6
7
8
9
10
11
12
13
14
15
16
17
18
19
20
21
22
23
1
2
3
4
5
6
7
8
9
10
11
12
13
14
15
16
17
18
19
20
21
22
23
24
25
26
27
28
29
30
31
32
33
34
35
36
37
38
1
2
3
4
5
6
7
8
9
10
11
12
13
14
15
16
17
18
19
20
21
22
23
24
25
26
27
28
29
30
31
32
33
34
35
36
1
2
3
4
5
6
7
8
9
10
11
12
13
14
15
16
17
18
19
20
21
22
23
24
1
2
3
4
5
6
7
8
9
10
11
12
13
14
15
16
17
18
19
20
1
2
3
4
5
6
7
8
9
10
11
12
13
14
15
16
17
18
19
20
21
22
23
24
25
26
27
28
29
30
31
32
33
34
35
36
37
38
39
40
41
42
43
44
45
46
47
1
2
3
4
5
6
7
8
1
2
3
4
5
6
7
8
9
10
11
12
13
14
15
16
17
18
19
20
21
22
23
24
25
26
27
28
29
30
31
32
33
34
35
36
37
38
39
40
41
42
43
44
45
46
47
48
49
50
51
52
53
54
55
56
57
58
59
1
2
3
4
5
6
7
8
9
10
11
12
13
14
15
16
17
18
19
20
21
22
23
24
25
26
27
28
29
30
31
32
33
34
35
36
37
38
39
40
41
42
43
44
45
46
47
48
49
50
51
52
53
54
55
56
57
1
2
3
4
5
6
7
8
9
10
11
12
13
14
15
16
17
18
19
20
21
22
23
24
25
26
27
28
29
30
31
32
33
1
2
3
4
5
6
7
8
9
10
11
12
13
14
15
16
17
18
19
20
21
22
23
24
25
26
27
28
29
30
31
32
33
34
1
2
3
4
5
6
7
8
9
10
11
12
13
14
15
16
1
2
3
4
5
6
7
8
9
10
11
12
13
14
15
16
17
18
19
20
21
22
23
24
25
26
27
28
29
30
1
2
3
4
5
6
7
8
9
10
11
12
13
14
15
16
17
18
19
20
21
22
23
24
25
26
27
28
29
30
31
32
33
34
35
36
37
1
2
3
4
5
6
7
8
9
10
11
12
13
14
15
16
17
18
19
20
21
22
23
24
25
26
27
1
2
3
4
5
6
7
8
9
10
11
12
13
14
15
16
17
18
19
20
21
22
23
24
1
2
3
4
5
6
7
8
9
10
11
12
13
14
15
16
17
18
19
20
21
22
23
24
25
26
27
28
29
30
31
32
33
1
2
3
4
5
6
7
8
9
10
11
12
13
14
15
16
17
18
19
20
21
22
23
24
25
26
27
28
29
30
31
32
33
34
35
36
37
38
39
40
41
42
43
44
1
2
3
4
5
6
7
8
9
10
11
12
13
14
15
16
17
18
19
20
21
22
23
1
2
3
4
5
6
7
8
9
10
11
12
13
14
15
16
17
18
19
20
21
22
23
24
25
26
27
28
29
30
31
32
33
34
35
36
37
38
39
40
41
42
43
44
45
46
47
48
49
50
51
52
53
54
55
1
2
3
4
5
6
7
8
9
10
11
12
13
14
15
16
17
18
19
20
21
22
23
24
25
26
27
28
29
30
31
32
33
34
35
36
37
38
39
40
41
42
43
44
45
46
1
2
3
4
5
6
7
8
9
10
11
12
13
14
15
16
17
18
19
20
21
22
23
24
25
26
27
28
29
30
31
32
33
34
1
2
3
4
5
6
7
8
9
10
11
12
13
14
15
16
17
18
19
20
21
22
23
24
25
26
27
28
29
30
31
32
33
34
35
36
37
38
39
40
41
42
43
44
45
46
47
48
49
50
51
52
53
54
1
2
3
4
5
6
7
8
9
10
11
12
13
14
15
16
17
18
19
20
21
22
23
24
25
26
27
28
29
30
31
32
33
34
1
2
3
4
5
6
7
8
9
10
11
12
13
14
15
16
17
18
19
20
21
22
23
24
25
26
27
28
29
30
31
32
33
34
35
36
37
38
39
40
41
42
43
44
45
46
47
48
49
50
51
1
2
3
4
5
6
7
8
9
10
11
12
13
14
15
16
17
18
19
20
21
22
23
24
25
26
27
28
29
30
31
32
33
34
35
36
37
38
39
40
41
42
43
44
45
46
47
48
49
1
2
3
4
5
6
7
8
9
10
11
12
13
14
15
16
17
18
19
20
21
22
23
24
25
26
27
28
29
30
31
1
2
3
4
5
6
7
8
9
10
11
12
13
14
15
16
17
18
19
20
21
22
23
24
25
26
27
1
2
3
4
5
6
7
8
9
10
11
12
13
14
15
16
17
18
19
20
21
22
23
24
25
26
27
28
29
30
31
32
33
34
35
36
37
38
39
40
41
42
43
44
45
46
47
48
49
50
51
52
53
54
55
56
57
58
59
60
61
62
63
64
65
66
67
68
69
70
71
72
73
74
75
76
77
78
79
80
81
82
83
84
85
86
87
88
89
1
2
3
4
5
6
7
8
9
10
11
12
13
14
15
16
17
18
19
20
21
22
23
24
25
26
1
2
3
4
5
6
7
8
9
10
11
12
13
14
15
16
17
18
19
20
21
22
23
1
2
3
4
5
6
7
8
9
10
11
12
13
14
15
16
17
18
19
20
21
22
23
24
25
26
27
28
29
30
31
32
33
34
35
36
1
2
3
4
5
6
7
8
9
10
11
12
13
14
15
16
17
18
19
20
21
22
23
24
25
26
27
28
29
30
31
32
33
34
35
1
2
3
4
5
6
7
8
9
10
11
12
13
14
15
16
1
2
3
4
5
6
7
8
9
10
11
12
13
14
15
16
17
18
19
20
21
22
23
24
25
26
27
28
29
30
31
32
33
1
2
3
4
5
6
7
8
9
10
11
12
13
14
15
16
17
18
19
20
21
22
23
24
25
26
27
28
29
30
31
32
33
34
35
36
37
38
39
40
41
42
43
44
45
1
2
3
4
5
6
7
8
9
10
11
12
13
14
15
16
17
18
19
20
21
22
23
24
25
26
27
28
29
30
31
32
33
34
35
36
37
38
39
40
41
1
2
3
4
5
6
7
8
9
10
11
12
13
14
15
16
17
18
19
20
21
22
23
24
25
26
27
28
29
30
31
32
33
34
35
1
2
3
4
5
6
7
8
9
10
11
12
13
14
15
16
17
18
19
20
21
22
23
24
25
26
27
28
1
2
3
4
5
6
7
8
9
10
11
12
13
14
15
16
17
18
19
20
21
22
23
24
25
26
27
28
29
30
31
32
1
2
3
4
5
6
7
8
9
10
11
12
13
14
15
16
17
18
19
20
21
22
1
2
3
4
5
6
7
8
9
10
11
12
13
14
15
16
17
18
19
20
21
22
23
24
25
26
27
28
29
1
2
3
4
5
6
7
8
9
10
11
12
13
14
15
16
17
18
19
20
21
22
23
24
25
26
27
28
29
30
31
32
33
34
35
1
2
3
4
5
6
7
8
9
10
11
12
13
14
15
16
17
18
19
20
21
22
23
24
25
26
27
28
29
30
31
32
33
34
35
36
37
38
39
40
41
1
2
3
4
5
6
7
8
9
10
11
12
13
14
15
16
17
18
19
20
21
22
23
24
25
26
27
28
29
30
1
2
3
4
5
6
7
8
9
10
11
12
13
14
15
16
17
18
19
20
21
22
23
24
25
1
2
3
4
5
6
7
8
9
10
11
12
13
14
15
16
17
18
19
1
2
3
4
5
6
7
8
9
10
11
12
13
14
15
16
17
18
19
20
21
22
23
24
25
26
27
28
29
30
31
32
33
34
35
36
37
38
39
40
41
42
43
44
45
46
47
48
49
50
51
52
53
54
55
56
57
58
59
60
61
62
63
64
65
1
2
3
4
5
6
7
8
9
10
11
12
13
14
15
16
17
18
19
20
21
22
23
1
2
3
4
5
6
7
8
9
10
11
12
13
14
15
16
17
18
19
20
21
22
23
24
25
26
27
28
29
30
31
1
2
3
4
5
6
7
8
9
10
11
12
13
14
15
16
17
18
19
20
21
22
23
24
25
26
27
28
29
30
31
32
33
34
35
36
37
38
39
1
2
3
4
5
6
7
8
9
10
11
12
13
14
15
16
17
1
2
3
4
5
6
7
8
9
10
11
12
13
14
15
16
17
18
19
20
21
22
23
24
25
26
27
28
29
30
31
32
33
34
35
36
37
38
39
40
41
42
43
44
45
46
47
48
49
50
51
52
53
54
1
2
3
4
5
6
7
8
9
10
11
12
13
14
15
16
17
18
19
20
21
22
23
24
25
26
27
28
29
30
31
32
33
34
35
36
37
38
39
40
41
42
1
2
3
4
5
6
7
8
9
10
11
12
13
14
15
16
17
18
19
20
21
22
23
24
25
26
27
28
29
30
31
32
33
34
35
36
37
38
39
40
41
42
43
44
45
46
47
48
49
50
51
52
53
54
55
56
1
2
3
4
5
6
7
8
9
10
11
12
13
14
15
16
17
18
19
20
21
22
23
24
25
26
27
28
29
1
2
3
4
5
6
7
8
9
10
11
12
13
14
15
16
17
18
19
20
21
22
23
24
25
26
27
28
29
30
31
32
33
34
1
2
3
4
5
6
7
8
9
10
11
12
13
1
2
3
4
5
6
7
8
9
10
11
12
13
14
15
16
17
18
19
20
21
22
23
24
25
26
27
28
29
30
31
32
33
34
35
36
37
38
39
40
41
42
43
44
45
46
1
2
3
4
5
6
7
8
9
10
11
12
13
14
15
16
17
18
19
20
21
22
23
24
25
26
27
28
29
30
31
32
33
34
35
36
37
1
2
3
4
5
6
7
8
9
10
11
12
13
14
15
16
17
18
19
20
21
22
23
24
25
26
27
28
29
1
2
3
4
5
6
7
8
9
10
11
12
13
14
15
16
17
18
19
20
21
22
23
24
25
26
27
28
29
30
31
32
33
34
35
36
37
38
39
40
41
42
43
44
45
46
47
48
49
1
2
3
4
5
6
7
8
9
10
11
12
13
14
15
16
17
18
19
20
21
22
23
24
25
26
27
28
29
30
31
32
33
1
2
3
4
5
6
7
8
9
10
11
12
13
14
15
16
17
18
19
20
21
22
23
24
25
1
2
3
4
5
6
7
8
9
10
11
12
13
14
15
16
17
18
19
20
21
22
23
24
25
26
1
2
3
4
5
6
7
8
9
10
11
12
13
14
15
16
17
18
19
20
1
2
3
4
5
6
7
8
9
10
11
12
13
14
15
16
17
18
19
20
21
22
23
24
25
26
27
28
29
1
2
3
4
5
6
7
8
9
10
11
12
13
14
15
16
17
18
19
20
21
22
1
2
3
4
5
6
7
8
9
10
11
12
13
14
15
16
17
18
19
20
21
22
23
24
25
26
27
28
29
30
31
32
1
2
3
4
5
6
7
8
9
10
11
12
13
14
15
16
17
18
19
20
21
22
23
24
25
26
27
28
29
30
31
1
2
3
4
5
6
7
8
9
10
11
12
13
14
15
16
17
18
19
1
2
3
4
5
6
7
8
9
10
11
12
13
14
15
16
17
18
19
20
21
22
23
24
25
26
27
28
29
1
2
3
4
5
6
7
8
9
10
11
12
13
14
15
16
17
18
19
20
21
22
23
1
2
3
4
5
6
7
8
9
10
11
12
13
14
15
16
17
18
19
20
21
22
1
2
3
4
5
6
7
8
9
10
11
12
13
14
15
16
17
18
19
20
1
2
3
4
5
6
7
8
9
10
11
12
13
14
15
16
17
18
19
20
21
22
1
2
3
4
5
6
7
8
9
10
11
12
13
14
15
16
17
18
19
20
21
1
2
3
4
5
6
7
8
9
10
11
12
13
14
15
16
17
18
19
20
1
2
3
4
5
6
7
8
9
10
11
12
13
14
15
16
17
18
19
20
21
22
23
1
2
3
4
5
6
7
8
9
10
11
12
13
14
15
16
17
18
19
20
21
22
23
24
25
26
27
28
29
1
2
3
4
5
6
7
8
9
10
11
12
13
14
15
16
17
18
19
20
21
22
23
24
25
26
1
2
3
4
5
6
7
8
9
10
11
12
13
14
15
16
17
18
19
20
21
22
1
2
3
4
5
6
7
8
9
10
11
12
13
14
15
16
17
18
19
1
2
3
4
5
6
7
8
9
10
11
12
13
14
15
16
17
18
19
1
2
3
4
5
6
7
8
9
10
11
12
13
14
15
16
17
18
19
20
21
22
23
24
25
26
1
2
3
4
5
6
7
8
9
10
11
12
13
14
15
16
17
18
19
20
21
22
23
24
25
26
27
28
29
30
31
32
33
34
35
36
37
38
39
40
41
42
43
44
45
46
47
48
49
50
51
52
53
54
55
56
57
58
59
60
61
62
63
64
65
66
67
68
69
1
2
3
4
5
6
7
8
9
10
11
12
13
14
15
16
17
18
19
20
21
22
23
24
25
26
27
28
1
2
3
4
5
6
7
8
9
10
11
12
13
14
15
16
17
18
19
20
1
2
3
4
5
6
7
8
9
10
11
12
13
14
15
16
17
18
19
20
21
22
23
24
25
26
27
28
29
30
1
2
3
4
5
6
7
8
9
10
11
12
13
14
15
16
17
18
19
20
21
22
23
24
25
26
27
28
29
30
31
32
33
34
35
36
37
38
39
40
41
42
43
44
45
46
47
48
49
50
51
52
1
2
3
4
5
6
7
8
9
10
11
12
13
14
15
16
17
18
19
20
21
22
23
24
25
26
27
28
29
1
4
5
6
7
8
9
10
11
12

---g_cons_utf8.tf---
@node
@convertedToTextFabricBy=Martijn Naaijer and Christian Canu Højgaard
@dataset=sp
@datasetName=The Samaritan Pentateuch
@dateWritten=2025-10-27T13:55:17Z
@description=word in Hebrew script
@encodedBy=Christian Canu Højgaard and Martijn Naaijer
@licence=Creative Commons Attribution-NonCommercial 4.0 International License
@licenceUrl=http://creativecommons.org/licenses/by-nc/4.0/
@manuscripts=MS Dublin Chester Beatty Library 751 (Gen 1-Deut 32:36) + MS Garizim 1 (Deut 32:36b-34)
@source=Stefan Schorch in colloboration with Evelyn Burkhardt, Ulrike Hirschfelder, Irina Wandrey and József Zsengellér
@valueType=str
@version=4.1.3
@writtenBy=Text-Fabric
@writtenBy=Text-Fabric
@dateWritten=2025-10-27T17:10:12Z

405426	ב
ראשׁית
ברא
אלהים
את
ה
שׁמים
ו
את
ה
ארץ
ו
ה
ארץ
היתה
תהו
ו
בהו
ו
חשׁך
על
פני
תהום
ו
רוח
אלהים
מרחפת
על
פני
ה
מים
ו
יאמר
אלהים
יהי
אור
ו
יהי
אור
ו
ירא
אלהים
את
ה
אור
כי
טוב
ו
יבדל
אלהים
בין
ה
אור
ו
בין
ה
חשׁך
ו
יקרא
אלהים
ל
אור
יום
ו
ל
חשׁך
קרא
לילה
ו
יהי
ערב
ו
יהי
בקר
יום
אחד
ו
יאמר
אלהים
יהי
רקיע
ב
תוך
ה
מים
ו
יהי
מבדיל
בין
מים
ל
מים
ו
יעשׂ
אלהים
את
ה
רקיע
ו
יבדל
בין
ה
מים
אשׁר
מ
תחת
ל
רקיע
ו
בין
ה
מים
אשׁר
מ
על
ל
רקיע
ו
יהי
כן
ו
יקרא
אלהים
ל
רקיע
שׁמים
ו
יהי
ערב
ו
יהי
בקר
יום
שׁני
ו
יאמר
אלהים
יקוו
ה
מים
מ
תחת
ה
שׁמים
אל
מקום
אחד
ו
תראה
ה
יבשׁה
ו
יהי
כן
ו
יקרא
אלהים
ל
יבשׁה
ארץ
ו
ל
מקוה
ה
מים
קרא
ימים
ו
ירא
אלהים
כי
טוב
ו
יאמר
אלהים
תדשׁא
ה
ארץ
דשׁא
עשׂב
מזריע
זרע
ו
עץ
פרי
עשׂה
פרי
ל
מינו
אשׁר
זרעו
בו
על
ה
ארץ
ו
יהי
כן
ו
תוצא
ה
ארץ
דשׁא
עשׂב
מזריע
זרע
ל
מינהו
ו
עץ
עשׂה
פרי
אשׁר
זרעו
בו
ל
מינהו
ו
ירא
אלהים
כי
טוב
ו
יהי
ערב
ו
יהי
בקר
יום
שׁלישׁי
ו
יאמר
אלהים
יהי
מאורות
ב
רקיע
ה
שׁמים
ל
האיר
על
ה
ארץ
ו
ל
הבדיל
בין
ה
יום
ו
בין
ה
לילה
ו
היו
ל
אתות
ו
ל
מועדים
ו
ל
ימים
ו
שׁנים
ו
היו
ל
מאורות
ב
רקיע
ה
שׁמים
ל
האיר
על
ה
ארץ
ו
יהי
כן
ו
יעשׂ
אלהים
את
שׁני
ה
מאורות
ה
גדלים
את
ה
מאור
ה
גדול
ל
ממשׁלת
ה
יום
ו
את
ה
מאור
ה
קטן
ל
ממשׁלת
ה
לילה
ו
את
ה
כוכבים
ו
יתן
אתם
אלהים
ב
רקיע
ה
שׁמים
ל
האיר
על
ה
ארץ
ו
ל
משׁל
ב
יום
ו
ב
לילה
ו
ל
הבדיל
בין
ה
אור
ו
בין
ה
חשׁך
ו
ירא
אלהים
כי
טוב
ו
יהי
ערב
ו
יהי
בקר
יום
רביעי
ו
יאמר
אלהים
ישׁרצו
ה
מים
שׁרץ
נפשׁ
חיה
ו
עוף
יעפף
על
ה
ארץ
על
פני
רקיע
ה
שׁמים
ו
יברא
אלהים
את
ה
תנינים
ה
גדלים
ו
את
כל
נפשׁ
ה
חיה
ה
רמשׂת
אשׁר
שׁרצו
ה
מים
ל
מיניהם
ו
את
כל
עוף
כנף
ל
מינהו
ו
ירא
אלהים
כי
טוב
ו
יברך
אתם
אלהים
ל
אמר
פרו
ו
רבו
ו
מלאו
את
ה
מים
ב
ימים
ו
ה
עוף
ירבה
ב
ארץ
ו
יהי
ערב
ו
יהי
בקר
יום
חמישׁי
ו
יאמר
אלהים
תוצא
ה
ארץ
נפשׁ
חיה
ל
מינה
בהמה
ו
רמשׂ
ו
חית
ה
ארץ
ל
מינה
ו
יהי
כן
ו
יעשׂ
אלהים
את
חית
ה
ארץ
ל
מינה
ו
את
ה
בהמה
ל
מינה
ו
את
כל
רמשׂ
ה
אדמה
ל
מינהו
ו
ירא
אלהים
כי
טוב
ו
יאמר
אלהים
נעשׂה
אדם
ב
צלמנו
ו
כ
דמותנו
ו
ירדו
ב
דגת
ה
ים
ו
ב
עוף
ה
שׁמים
ו
ב
בהמה
ו
ב
כל
ה
ארץ
ו
ב
כל
ה
רמשׂ
ה
רמשׂ
על
ה
ארץ
ו
יברא
אלהים
את
ה
אדם
ב
צלמו
ב
צלם
אלהים
ברא
אתו
זכר
ו
נקבה
ברא
אתם
ו
יברך
אתם
אלהים
ו
יאמר
להם
אלהים
פרו
ו
רבו
ו
מלאו
את
ה
ארץ
ו
כבשׁוה
ו
רדו
ב
דגת
ה
ים
ו
ב
עוף
ה
שׁמים
ו
ב
כל
ה
חיה
ה
רמשׂת
על
ה
ארץ
ו
יאמר
אלהים
הנה
נתתי
לכם
את
כל
עשׂב
זרע
זרע
אשׁר
על
פני
כל
ה
ארץ
ו
את
כל
עץ
אשׁר
בו
פרי
עץ
זרע
זרע
לכם
יהיה
ל
אכלה
ו
ל
כל
חית
ה
ארץ
ו
ל
כל
עוף
ה
שׁמים
ו
ל
כל
ה
רמשׂ
על
ה
ארץ
אשׁר
בו
נפשׁ
חיה
את
כל
ירק
עשׂב
ל
אכלה
ו
יהי
כן
ו
ירא
אלהים
את
כל
אשׁר
עשׂה
ו
הנה
טוב
מאד
ו
יהי
ערב
ו
יהי
בקר
יום
ה
שׁשׁי
ו
יכלו
ה
שׁמים
ו
ה
ארץ
ו
כל
צבאם
ו
יכל
אלהים
ב
יום
ה
שׁשׁי
מלאכתו
אשׁר
עשׂה
ו
ישׁבת
ב
יום
ה
שׁביעי
מ
כל
מלאכתו
אשׁר
עשׂה
ו
יברך
אלהים
את
יום
ה
שׁביעי
ו
יקדשׁ
אתו
כי
בו
שׁבת
מ
כל
מלאכתו
אשׁר
ברא
אלהים
ל
עשׂות
אלה
תולדת
ה
שׁמים
ו
ה
ארץ
ב
הבראם
ב
יום
עשׂות
יהוה
אלהים
שׁמים
ו
ארץ
ו
כל
שׂיח
ה
שׂדה
טרם
יהיה
ב
ארץ
ו
כל
עשׂב
ה
שׂדה
טרם
יצמח
כי
לא
המטיר
יהוה
אלהים
על
ה
ארץ
ו
אדם
אין
ל
עבד
את
ה
אדמה
ו
אד
יעלה
מן
ה
ארץ
ו
השׁקה
את
כל
פני
ה
אדמה
ו
יצר
יהוה
אלהים
את
ה
אדם
עפר
מן
ה
אדמה
ו
יפח
ב
אפיו
נשׁמת
חיים
ו
יהי
אדם
ל
נפשׁ
חיה
ו
יטע
יהוה
אלהים
גן
ב
עדן
מ
קדם
ו
ישׂם
שׁם
את
ה
אדם
אשׁר
יצר
ו
יצמח
יהוה
אלהים
מן
ה
אדמה
את
כל
עץ
נחמד
ל
מראה
ו
טוב
ל
מאכל
ו
עץ
ה
חיים
ב
תוך
ה
גן
ו
עץ
ה
דעת
טוב
ו
רע
ו
נהר
יצא
מ
עדן
ל
השׁקות
את
ה
גן
ו
מ
שׁם
יפרד
ו
היה
ל
ארבעה
ראשׁים
שׁם
ה
אחד
פישׁון
הוא
ה
סובב
את
כל
ארץ
ה
חוילה
אשׁר
שׁם
ה
זהב
ו
זהב
ה
ארץ
ה
היא
טוב
מאד
שׁם
ה
בדלח
ו
אבן
ה
שׁהם
ו
שׁם
ה
נהר
ה
שׁני
גיחון
הוא
ה
סובב
את
כל
ארץ
כושׁ
ו
שׁם
ה
נהר
ה
שׁלישׁי
הדקל
הוא
ה
הלך
קדמת
אשׁור
ו
ה
נהר
ה
רביעי
הוא
פרת
ו
יקח
יהוה
אלהים
את
ה
אדם
ו
יניחהו
ב
גן
עדן
ל
עבדה
ו
ל
שׁמרה
ו
יצו
יהוה
אלהים
על
ה
אדם
ל
אמר
מ
כל
עץ
ה
גן
אכל
תאכל
ו
מ
עץ
ה
דעת
טוב
ו
רע
לא
תאכל
ממנו
כי
ב
יום
אכלך
ממנו
מות
תמות
ו
יאמר
יהוה
אלהים
לא
טוב
היות
ה
אדם
ל
בדו
אעשׂה
לו
עזר
כ
נגדו
ו
יצר
יהוה
אלהים
עוד
מן
ה
אדמה
את
כל
חית
ה
שׂדה
ו
את
כל
עוף
ה
שׁמים
ו
יבא
אל
ה
אדם
ל
ראות
מה
יקרא
לו
ו
כל
אשׁר
יקרא
לו
ה
אדם
נפשׁ
חיה
הוא
שׁמו
ו
יקרא
ה
אדם
שׁמות
ל
כל
ה
בהמה
ו
ל
עוף
ה
שׁמים
ו
ל
כל
חית
ה
שׂדה
ו
ל
אדם
לא
מצא
עזר
כ
נגדו
ו
יפל
יהוה
אלהים
תרדמה
על
ה
אדם
ו
יישׁן
ו
יקח
אחת
מ
צלעתיו
ו
יסגר
בשׂר
תחתיה
ו
יבן
יהוה
אלהים
את
ה
צלע
אשׁר
לקח
מן
ה
אדם
ל
אשׁה
ו
יביאה
אל
ה
אדם
ו
יאמר
ה
אדם
זאת
ה
פעם
עצם
מ
עצמי
ו
בשׂר
מ
בשׂרי
ל
זאת
יקרא
אשׁה
כי
מ
אישׁה
לקחה
זאת
על
כן
יעזב
אישׁ
את
אביו
ו
את
אמו
ו
דבק
ב
אשׁתו
ו
היה
מ
שׁניהם
ל
בשׂר
אחד
ו
יהיו
שׁניהם
ערמים
אדם
ו
אשׁתו
ו
לא
יתבשׁשׁו
ו
ה
נחשׁ
היה
ערום
מ
כל
חית
ה
שׂדה
אשׁר
עשׂה
יהוה
אלהים
ו
יאמר
אל
ה
אשׁה
אף
כי
אמר
אלהים
לא
תאכלו
מ
כל
עץ
ה
גן
ו
תאמר
ה
אשׁה
אל
ה
נחשׁ
מ
פרי
עץ
ה
גן
נאכל
ו
מ
פרי
ה
עץ
ה
זה
אשׁר
ב
תוך
ה
גן
אמר
אלהים
לא
תאכלו
ממנו
ו
לא
תגעו
בו
פן
תמותון
ו
יאמר
ה
נחשׁ
אל
ה
אשׁה
לא
מות
תמותון
כי
ידע
אלהים
כי
ב
יום
אכלכם
ממנו
ו
נפקחו
עיניכם
ו
הייתם
כ
אלהים
ידעי
טוב
ו
רע
ו
תרא
ה
אשׁה
כי
טוב
ה
עץ
ל
מאכל
ו
כי
תאוה
הוא
ל
עינים
ו
נחמד
ה
עץ
ל
השׂכיל
ו
תקח
מ
פריו
ו
תאכל
ו
תתן
גם
ל
אישׁה
עמה
ו
יאכלו
ו
תפקחנה
עיני
שׁניהם
ו
ידעו
כי
ערמים
הם
ו
יתפארו
עלי
תאנה
ו
יעשׂו
להם
חגרות
ו
ישׁמעו
את
קול
יהוה
אלהים
מתהלך
ב
גן
ל
רוח
ה
יום
ו
יתחבא
אדם
ו
אשׁתו
מ
פני
יהוה
אלהים
ב
תוך
עץ
ה
גן
ו
יקרא
יהוה
אלהים
אל
ה
אדם
ו
יאמר
לו
איכה
ו
יאמר
את
קולך
שׁמעתי
ב
גן
ו
אירא
כי
ערום
אנכי
ו
אחבא
ו
יאמר
מי
הגיד
לך
כי
ערום
אתה
ה
מן
ה
עץ
אשׁר
צויתיך
ל
בלתי
אכל
ממנו
אכלת
ו
יאמר
ה
אדם
ה
אשׁה
אשׁר
נתתה
עמדי
היא
נתנה
לי
מן
ה
עץ
ו
אכל
ו
יאמר
יהוה
אלהים
ל
אשׁה
מה
זאת
עשׂיתי
ו
תאמר
ה
אשׁה
ה
נחשׁ
השׁיני
ו
אכל
ו
יאמר
יהוה
אלהים
אל
ה
נחשׁ
כי
עשׂית
זאת
ארור
אתה
מ
כל
ה
בהמה
ו
מ
כל
חית
ה
שׂדה
על
גחנך
תלך
ו
עפר
תאכל
כל
ימי
חייך
ו
איבה
אשׁית
בינך
ו
בין
ה
אשׁה
ו
בין
זרעך
ו
בין
זרעה
הוא
ישׁופך
ראשׁ
ו
אתה
תשׁופנו
עקב
ו
אל
ה
אשׁה
אמר
הרבה
ארבה
עצבוניך
ו
הריוניך
ב
עצבון
תלדי
בנים
ו
אל
אישׁיך
תשׁוקתיך
ו
הוא
ימשׁל
ביך
ו
ל
אדם
אמר
כי
שׁמעת
ל
קול
אשׁתך
ו
תאכל
מן
ה
עץ
אשׁר
צויתיך
ל
אמר
לא
תאכל
ממנו
ארורה
ה
אדמה
ב
עבורך
ב
עצבון
תאכלנה
כל
ימי
חייך
ו
קוץ
ו
דרדר
תצמיח
לך
ו
אכלת
את
עשׂב
ה
שׂדה
ב
זעת
אפיך
תאכל
לחם
עד
שׁובך
אל
ה
אדמה
כי
ממנה
לקחת
כי
עפר
אתה
ו
אל
עפרך
תשׁוב
ו
יקרא
ה
אדם
שׁם
אשׁתו
חוה
כי
היא
היתה
אם
כל
חי
ו
יעשׂ
יהוה
אלהים
ל
אדם
ו
ל
אשׁתו
כיתנות
עור
ו
ילבשׁם
ו
יאמר
יהוה
אלהים
הן
ה
אדם
היה
כ
אחד
ממנו
ל
דעת
טוב
ו
רע
ו
עתה
פן
ישׁלח
ידו
ו
לקח
גם
מ
עץ
ה
חיים
ו
אכל
ו
חי
ל
עולם
ו
ישׁלחהו
יהוה
אלהים
מ
גן
עדן
ל
עבד
את
ה
אדמה
אשׁר
לקח
מ
שׁם
ו
יגרשׁ
את
ה
אדם
ו
ישׁכן
מ
קדם
ל
גן
עדן
את
ה
כרובים
ו
את
לחט
ה
חרב
ה
מתהפכת
ל
שׁמר
את
דרך
עץ
ה
חיים
ו
ה
אדם
ידע
את
חוה
אשׁתו
ו
תהר
ו
תלד
את
קין
ו
תאמר
קניתי
אישׁ
את
יהוה
ו
תסף
ל
לדת
את
אחיו
את
הבל
ו
יהי
הבל
רעי
צאן
ו
קין
היה
עבד
אדמה
ו
יהי
מ
קץ
ימים
ו
יבא
קין
מ
פרי
ה
אדמה
מנחה
ל
יהוה
ו
הבל
הביא
גם
הוא
מ
בכורות
צאנו
ו
מ
חלביהן
ו
ישׁע
יהוה
אל
הבל
ו
אל
מנחתו
ו
אל
קין
ו
אל
מנחתו
לא
שׁעה
ו
יחר
ל
קין
מאד
ו
יפלו
פניו
ו
יאמר
יהוה
אל
קין
למה
חרה
לך
ו
למה
נפלו
פניך
ה
לוא
אם
תטיב
שׂאת
ו
אם
לא
תטיב
ל
פתח
חטאת
רבץ
ו
אליך
תשׁוקתו
ו
אתה
תמשׁל
בו
ו
יאמר
קין
אל
הבל
אחיו
נלכה
ה
שׂדה
ו
יהי
ב
היותם
ב
שׂדה
ו
יקם
קין
אל
הבל
אחיו
ו
יהרגהו
ו
יאמר
יהוה
אל
קין
איה
הבל
אחיך
ו
יאמר
לא
ידעתי
ה
שׁמר
אחי
אנכי
ו
יאמר
מה
עשׂית
קול
דם
אחיך
צעק
אלי
מן
ה
אדמה
ו
עתה
ארור
אתה
מן
ה
אדמה
אשׁר
פצתה
את
פיה
ל
קחת
את
דם
אחיך
מ
ידך
כי
תעבד
את
ה
אדמה
לא
תוסיף
תת
כחה
לך
נע
ו
נד
תהיה
ב
ארץ
ו
יאמר
קין
אל
יהוה
גדול
עוני
מ
נשׂא
הן
גרשׁת
אתי
ה
יום
מ
על
פני
ה
אדמה
ו
מ
פניך
אסתיר
ו
הייתי
נע
ו
נד
ב
ארץ
ו
היה
כל
מצאי
יהרגני
ו
יאמר
לו
יהוה
לכן
כל
הרג
קין
שׁבעתים
יקם
ו
ישׂם
יהוה
ל
קין
אות
ל
בלתי
הכות
אתו
כל
מצאו
ו
יצא
קין
מ
ל
פני
יהוה
ו
ישׁב
ב
ארץ
נד
קדמת
עדן
ו
ידע
קין
את
אשׁתו
ו
תהר
ו
תלד
את
חנוך
ו
יהי
בנה
עיר
ו
יקרא
את
שׁם
ה
עיר
כ
שׁם
בנו
חנוך
ו
יולד
ל
חנוך
את
עירד
ו
עירד
ילד
את
מיהאל
ו
מיהאל
ילד
את
מתושׁאל
ו
מתושׁאל
ילד
את
למך
ו
יקח
לו
למך
שׁתי
נשׁים
שׁם
ה
אחת
עדה
ו
שׁם
ה
שׁנית
צלה
ו
תלד
עדה
את
יבל
הוא
היה
אבי
ישׁב
אהל
ו
מקנה
ו
שׁם
אחיו
יובל
הוא
היה
אבי
כל
תפשׂ
כנר
ו
עגב
ו
צלה
גם
היא
ילדה
את
תובל קין
לטשׁ
כל
חרשׁ
נחשׁת
ו
ברזל
ו
אחות
תובל קין
נעמה
ו
יאמר
למך
ל
נשׁיו
עדה
ו
צלה
שׁמען
קולי
נשׁי
למך
האזינה
אמירתי
כי
אישׁ
הרגתי
ל
פצעי
ו
ילד
ל
חברתי
כי
שׁבעתים
יקם
קין
ו
למך
שׁבעים
ו
שׁבעה
ו
ידע
אדם
עוד
את
אשׁתו
ו
תלד
בן
ו
יקרא
את
שׁמו
שׁת
כי
שׁת
לי
אלהים
זרע
אחר
תחת
הבל
כי
הרגו
קין
ו
ל
שׁת
גם
הוא
ילד
בן
ו
יקרא
את
שׁמו
אנושׁ
אז
החל
ל
קרא
ב
שׁם
יהוה
זה
ספר
תולדת
אדם
ב
יום
ברא
אלהים
אדם
ב
דמות
אלהים
עשׂה
אתו
זכר
ו
נקבה
בראם
ו
יברך
אתם
ו
יקרא
את
שׁמם
אדם
ב
יום
הבראם
ו
יחי
אדם
שׁלשׁים
ו
מאת
שׁנה
ו
יוליד
ב
דמותו
כ
צלמו
ו
יקרא
את
שׁמו
שׁת
ו
יהיו
ימי
אדם
אחרי
הולידו
את
שׁת
שׁמנה
מאות
שׁנה
ו
יוליד
בנים
ו
בנות
ו
יהיו
כל
ימי
אדם
אשׁר
חי
תשׁע
מאות
שׁנה
ו
שׁלשׁים
שׁנה
ו
ימת
ו
יחי
שׁת
חמשׁ
שׁנים
ו
מאת
שׁנה
ו
יוליד
את
אנושׁ
ו
יחי
שׁת
אחרי
הולידו
את
אנושׁ
שׁבע
שׁנים
ו
שׁמנה
מאות
שׁנה
ו
יוליד
בנים
ו
בנות
ו
יהיו
כל
ימי
שׁת
שׁתים
עשׂרה
שׁנה
ו
תשׁע
מאות
שׁנה
ו
ימת
ו
יחי
אנושׁ
תשׁעים
שׁנה
ו
יוליד
את
קינן
ו
יחי
אנושׁ
אחרי
הולידו
את
קינן
חמשׁ
עשׂרה
שׁנה
ו
שׁמנה
מאות
שׁנה
ו
יוליד
בנים
ו
בנות
ו
יהיו
כל
ימי
אנושׁ
חמשׁ
שׁנים
ו
תשׁע
מאות
שׁנה
ו
ימת
ו
יחי
קינן
שׁבעים
שׁנה
ו
יוליד
את
מהללאל
ו
יחי
קינן
אחרי
הולידו
את
מהללאל
ארבעים
שׁנה
ו
שׁמנה
מאות
שׁנה
ו
יוליד
בנים
ו
בנות
ו
יהיו
כל
ימי
קינן
עשׂר
שׁנים
ו
תשׁע
מאות
שׁנה
ו
ימת
ו
יחי
מהללאל
חמשׁ
שׁנים
ו
שׁשׁים
שׁנה
ו
יוליד
את
ירד
ו
יחי
מהללאל
אחרי
הולידו
את
ירד
שׁלשׁים
שׁנה
ו
שׁמנה
מאות
שׁנה
ו
יוליד
בנים
ו
בנות
ו
יהיו
כל
ימי
מהללאל
חמשׁ
ו
תשׁעים
שׁנה
ו
שׁמנה
מאות
שׁנה
ו
ימת
ו
יחי
ירד
שׁתים
ו
שׁשׁים
שׁנה
ו
יוליד
את
חנוך
ו
יחי
ירד
אחרי
הולידו
את
חנוך
חמשׁ
ו
שׁמנים
שׁנה
ו
שׁבע
מאות
שׁנה
ו
יוליד
בנים
ו
בנות
ו
יהיו
כל
ימי
ירד
שׁבע
ו
ארבעים
שׁנה
ו
שׁמנה
מאות
שׁנה
ו
ימת
ו
יחי
חנוך
חמשׁ
ו
שׁשׁים
שׁנה
ו
יוליד
את
מתושׁלח
ו
יתהלך
חנוך
את
ה
אלהים
אחרי
הולידו
את
מתושׁלח
שׁלשׁ
מאות
שׁנה
ו
יוליד
בנים
ו
בנות
ו
יהיו
כל
ימי
חנוך
חמשׁ
ו
שׁשׁים
שׁנה
ו
שׁלשׁ
מאות
שׁנה
ו
יתהלך
חנוך
את
ה
אלהים
ו
איננו
כי
לקח
אתו
אלהים
ו
יחי
מתושׁלח
שׁבע
ו
שׁשׁים
שׁנה
ו
יוליד
את
למך
ו
יחי
מתושׁלח
אחרי
הולידו
את
למך
שׁלשׁ
ו
חמשׁים
שׁנה
ו
שׁשׁ
מאות
שׁנה
ו
יוליד
בנים
ו
בנות
ו
יהיו
כל
ימי
מתושׁלח
עשׂרים
שׁנה
ו
שׁבע
מאות
שׁנה
ו
ימת
ו
יחי
למך
שׁלשׁ
ו
חמשׁים
שׁנה
ו
יוליד
בן
ו
יקרא
את
שׁמו
נח
ל
אמר
זה
ינחמנו
מ
מעשׂינו
ו
מ
עצבון
ידינו
מן
ה
אדמה
אשׁר
אררה
יהוה
ו
יחי
למך
אחרי
הולידו
את
נח
שׁשׁ
מאות
שׁנה
ו
יוליד
בנים
ו
בנות
ו
יהיו
כל
ימי
למך
שׁלשׁ
ו
חמשׁים
שׁנה
ו
שׁשׁ
מאות
שׁנה
ו
ימת
ו
יהי
נח
בן
חמשׁ
מאות
שׁנה
ו
יוליד
את
שׁם
ו
את
חם
ו
את
יפת
ו
יהי
כי
החל
ה
אדם
ל
רב
על
פני
ה
אדמה
ו
בנות
ילדו
להם
ו
יראו
בני
ה
אלהים
את
בנות
ה
אדם
כי
טובות
הנה
ו
יקחו
להם
נשׁים
מ
כל
אשׁר
בחרו
ו
יאמר
יהוה
לא
ידון
רוחי
ב
אדם
ל
עולם
ב
שׁ
גם
הוא
בשׂר
ו
היו
ימיו
מאה
ו
עשׂרים
שׁנה
ו
ה
נפלים
היו
ב
ארץ
ב
ימים
ה
הם
ו
גם
אחרי
כן
אשׁר
יבאו
בני
ה
אלהים
אל
בנות
ה
אדם
ו
יולידו
להם
הם
ה
גבורים
אשׁר
מ
עולם
אנשׁי
ה
שׁם
ו
ירא
יהוה
כי
רבה
רעת
ה
אדם
ב
ארץ
ו
כל
יצר
מחשׁבות
לבו
רק
רע
כל
ה
יום
ו
ינחם
יהוה
כי
עשׂה
את
ה
אדם
ב
ארץ
ו
יתעצב
אל
לבו
ו
יאמר
יהוה
אמחה
את
ה
אדם
אשׁר
בראתי
מ
על
פני
ה
אדמה
מ
אדם
עד
בהמה
עד
רמשׂ
עד
עוף
ה
שׁמים
כי
נחמתי
כי
עשׂיתים
ו
נח
מצא
חן
ב
עיני
יהוה
אלה
תולדת
נח
נח
אישׁ
צדיק
ו
תמים
היה
ב
דרתיו
את
ה
אלהים
התהלך
נח
ו
יוליד
נח
שׁלשׁה
בנים
את
שׁם
ו
את
חם
ו
את
יפת
ו
תשׁחת
ה
ארץ
ל
פני
ה
אלהים
ו
תמלא
ה
ארץ
חמס
ו
ירא
אלהים
את
ה
ארץ
ו
הנה
נשׁחתה
כי
השׁחית
כל
בשׂר
את
דרכו
על
ה
ארץ
ו
יאמר
אלהים
ל
נח
קץ
כל
בשׂר
בא
ל
פני
כי
מלאה
ה
ארץ
חמס
מ
פניהם
ו
הנני
משׁחיתים
את
ה
ארץ
עשׂה
לך
תבת
עצי
גפר
קנים
תעשׂה
את
ה
תבה
ו
כפרת
אתה
מ
בית
ו
מ
חוץ
ב
כפר
ו
זה
אשׁר
תעשׂה
אתה
שׁלשׁ
מאות
אמה
ארך
ה
תבה
ו
חמשׁים
אמה
רחבה
ו
שׁלשׁים
אמה
קומתה
צהר
תעשׂה
ל
תבה
ו
על
אמה
תכלנה
מ
ל
מעלה
ו
פתח
ה
תבה
ב
צדה
תשׂים
תחתים
שׁנים
ו
שׁלישׁים
תעשׂה
ו
אני
הנני
מביא
את
ה
מבול
מים
על
ה
ארץ
ל
השׁחית
כל
בשׂר
אשׁר
בו
רוח
חיים
מ
תחת
ה
שׁמים
כל
אשׁר
ב
ארץ
יגוע
ו
הקמתי
את
בריתי
אתך
ו
באת
אל
ה
תבה
אתה
ו
בניך
ו
אשׁתך
ו
נשׁי
בניך
אתך
ו
מ
כל
ה
חיה
ו
מ
כל
ה
בשׂר
שׁנים
מ
כל
תביא
אל
ה
תבה
ל
החיות
אתך
זכר
ו
נקבה
ו
היה
מן
ה
עוף
ל
מינהו
ו
מן
ה
בהמה
ל
מינה
ו
מ
כל
אשׁר
רמשׂ
על
ה
אדמה
ל
מיניהם
שׁנים
מ
כל
�